
state={
	id=5
	name="STATE_5"
	provinces={
		263 417 563 771 1033 1455 1621 1847 2085 2769 2889 3131 3215 3230 3252 3994 4013 4146 4320 4747 4936 5071 5153 5424 5790 5813 5860 6065 6119 6244 6617 6625 6700 6812 6898 7468 7492 7543 7761 7834 8030 8144 8180 8298 8378 8456 8468 8515 8577 8625 12510 12513 12520 12527 12529 12535 12542 12544 12545 12550 12551 12552 12555 12557 12560 12561 12564 12565 12576 12578 12579 12584 12599 12601 12614 12615 12622 12632 12633 12635 12650 12652 12674 12686 12693 12706 13575 
	}
	manpower=0
	buildings_max_level_factor=1.000
}
